 Be Density=1.848
 Energy(eV), Delta, Beta
  8000.  5.32645117E-06  2.3374318E-09
  8001.88818  5.32393506E-06  2.33531505E-09
  8003.77734  5.32141939E-06  2.33319519E-09
  8005.6665  5.3189051E-06  2.33108177E-09
  8007.55713  5.31639125E-06  2.32896591E-09
  8009.44727  5.31387968E-06  2.32685737E-09
  8011.33838  5.31136857E-06  2.32474617E-09
  8013.22949  5.30885927E-06  2.32264163E-09
  8015.12061  5.3063518E-06  2.32053488E-09
  8017.0127  5.30384432E-06  2.31843367E-09
  8018.90576  5.30133775E-06  2.31633024E-09
  8020.79883  5.29883255E-06  2.31423414E-09
  8022.69189  5.29633007E-06  2.31213559E-09
  8024.58594  5.29382714E-06  2.31004349E-09
  8026.47949  5.29132694E-06  2.30794917E-09
  8028.37451  5.28882674E-06  2.30586039E-09
  8030.26953  5.28632745E-06  2.30376984E-09
  8032.16553  5.28382998E-06  2.30168595E-09
  8034.06152  5.28133387E-06  2.29959962E-09
  8035.9585  5.27883776E-06  2.29751995E-09
  8037.85498  5.27634438E-06  2.29543784E-09
  8039.75293  5.27385055E-06  2.29336106E-09
  8041.65088  5.27135853E-06  2.29128294E-09
  8043.54932  5.26886834E-06  2.28920705E-09
  8045.44824  5.26637905E-06  2.28713737E-09
  8047.34717  5.26389067E-06  2.28506947E-09
  8049.24658  5.26140411E-06  2.28299935E-09
  8051.14746  5.25891755E-06  2.28093122E-09
  8053.04736  5.25643327E-06  2.27887043E-09
  8054.94873  5.25394944E-06  2.27680652E-09
  8056.85059  5.25146697E-06  2.27474817E-09
  8058.75195  5.24898587E-06  2.27269226E-09
  8060.65479  5.24650568E-06  2.27063457E-09
  8062.55713  5.24402731E-06  2.26858354E-09
  8064.46094  5.24154893E-06  2.26652874E-09
  8066.36426  5.23907283E-06  2.26447749E-09
  8068.26855  5.23659764E-06  2.26243224E-09
  8070.17334  5.23412382E-06  2.26038455E-09
  8072.07861  5.23164999E-06  2.25834262E-09
  8073.98438  5.22917799E-06  2.25629893E-09
  8075.88965  5.22670825E-06  2.25426144E-09
  8077.7959  5.22423852E-06  2.25222552E-09
  8079.70312  5.22177015E-06  2.25018804E-09
  8081.61084  5.21930269E-06  2.24815233E-09
  8083.51807  5.21683705E-06  2.24612373E-09
  8085.42627  5.21437232E-06  2.24409136E-09
  8087.33545  5.2119085E-06  2.24206631E-09
  8089.24463  5.20944513E-06  2.2400386E-09
  8091.1543  5.20698404E-06  2.23801688E-09
  8093.06445  5.20452386E-06  2.23599317E-09
  8094.97461  5.20206549E-06  2.23397567E-09
  8096.88574  5.19960713E-06  2.23195618E-09
  8098.79688  5.19715104E-06  2.22994334E-09
  8100.70898  5.19469495E-06  2.22792673E-09
  8102.62109  5.19224068E-06  2.22591789E-09
  8104.53418  5.18978732E-06  2.22390617E-09
  8106.44727  5.18733532E-06  2.22190022E-09
  8108.36035  5.18488469E-06  2.21989316E-09
  8110.27539  5.18243405E-06  2.21789054E-09
  8112.18945  5.17998615E-06  2.21588747E-09
  8114.10449  5.1775387E-06  2.21388929E-09
  8116.02002  5.17509216E-06  2.21188956E-09
  8117.93604  5.17264698E-06  2.20989627E-09
  8119.85205  5.17020317E-06  2.20790097E-09
  8121.76904  5.16776026E-06  2.20591057E-09
  8123.68604  5.16531918E-06  2.20391905E-09
  8125.60352  5.16287946E-06  2.20193308E-09
  8127.52246  5.16043838E-06  2.19994489E-09
  8129.44043  5.15800139E-06  2.19796292E-09
  8131.35986  5.15556394E-06  2.19597873E-09
  8133.27979  5.1531274E-06  2.19400098E-09
  8135.19971  5.15069269E-06  2.19202012E-09
  8137.12012  5.14825933E-06  2.19004659E-09
  8139.04102  5.14582644E-06  2.18807061E-09
  8140.96143  5.14339672E-06  2.18610041E-09
  8142.88428  5.14096564E-06  2.18412777E-09
  8144.80566  5.13853684E-06  2.18216134E-09
  8146.72852  5.13610939E-06  2.18019314E-09
  8148.65186  5.13368241E-06  2.17823093E-09
  8150.57568  5.13125633E-06  2.17626561E-09
  8152.5  5.12883207E-06  2.17430762E-09
  8154.4248  5.12640872E-06  2.17234697E-09
  8156.34912  5.12398719E-06  2.17039209E-09
  8158.27441  5.12156612E-06  2.16843543E-09
  8160.2002  5.11914641E-06  2.16648433E-09
  8162.12646  5.11672806E-06  2.16453144E-09
  8164.05371  5.11430972E-06  2.16258411E-09
  8165.98145  5.11189273E-06  2.16063478E-09
  8167.90869  5.10947848E-06  2.15869256E-09
  8169.83691  5.10706377E-06  2.15674723E-09
  8171.76514  5.10465134E-06  2.15480767E-09
  8173.69482  5.1022389E-06  2.15286589E-09
  8175.62402  5.09982829E-06  2.15093032E-09
  8177.5542  5.09741858E-06  2.14899276E-09
  8179.48438  5.09501069E-06  2.14706164E-09
  8181.41553  5.09260326E-06  2.14512785E-09
  8183.34668  5.0901981E-06  2.14320006E-09
  8185.27881  5.08779249E-06  2.14127072E-09
  8187.21094  5.08538869E-06  2.13934626E-09
  8189.14307  5.08298717E-06  2.13742068E-09
  8191.07617  5.08058565E-06  2.13550089E-09
  8193.01074  5.07818459E-06  2.1335782E-09
  8194.94434  5.07578579E-06  2.1316624E-09
  8196.87891  5.07338791E-06  2.12974416E-09
  8198.81445  5.07099048E-06  2.12783169E-09
  8200.74902  5.06859578E-06  2.12591744E-09
  8202.68555  5.06620063E-06  2.12400875E-09
  8204.62109  5.0638082E-06  2.12209827E-09
  8206.55859  5.06141487E-06  2.12019313E-09
  8208.49609  5.05902335E-06  2.11828599E-09
  8210.43359  5.0566332E-06  2.11638418E-09
  8212.37207  5.05424396E-06  2.11448148E-09
  8214.31055  5.05185653E-06  2.11258366E-09
  8216.24902  5.04947047E-06  2.11068429E-09
  8218.18945  5.04708396E-06  2.10879048E-09
  8220.12891  5.04470017E-06  2.10689488E-09
  8222.06934  5.0423173E-06  2.10500528E-09
  8224.01074  5.03993397E-06  2.1031128E-09
  8225.95215  5.03755336E-06  2.10122697E-09
  8227.89355  5.03517367E-06  2.09933892E-09
  8229.83691  5.03279398E-06  2.09745621E-09
  8231.7793  5.03041611E-06  2.09557172E-09
  8233.72266  5.0280396E-06  2.093693E-09
  8235.66602  5.02566445E-06  2.09181228E-09
  8237.60938  5.02329067E-06  2.08993778E-09
  8239.55469  5.02091689E-06  2.08806017E-09
  8241.5  5.01854447E-06  2.08618811E-09
  8243.44531  5.01617342E-06  2.08431539E-09
  8245.3916  5.01380373E-06  2.08244688E-09
  8247.33789  5.01143495E-06  2.08057704E-09
  8249.28516  5.00906663E-06  2.0787132E-09
  8251.23242  5.00670058E-06  2.07684714E-09
  8253.17969  5.00433589E-06  2.07498729E-09
  8255.12793  5.00197166E-06  2.07312478E-09
  8257.07715  4.99960834E-06  2.07126805E-09
  8259.02637  4.99724592E-06  2.06940909E-09
  8260.97559  4.99488533E-06  2.06755657E-09
  8262.92578  4.99252565E-06  2.06570139E-09
  8264.87598  4.99016778E-06  2.06385242E-09
  8266.82715  4.98780992E-06  2.06200101E-09
  8268.77832  4.98545387E-06  2.06015471E-09
  8270.73145  4.98309737E-06  2.0583073E-09
  8272.68457  4.98074178E-06  2.05646078E-09
  8274.63672  4.97839028E-06  2.05462047E-09
  8276.59082  4.97603742E-06  2.05277861E-09
  8278.54395  4.97368683E-06  2.05094164E-09
  8280.49707  4.97133851E-06  2.04910733E-09
  8282.45215  4.96898929E-06  2.04727013E-09
  8284.40723  4.96664234E-06  2.04543937E-09
  8286.36328  4.96429539E-06  2.04360573E-09
  8288.31934  4.9619498E-06  2.04177852E-09
  8290.27637  4.95960558E-06  2.03994865E-09
  8292.2334  4.95726226E-06  2.03812478E-09
  8294.19141  4.9549194E-06  2.03629824E-09
  8296.14941  4.95257882E-06  2.03447392E-09
  8298.10742  4.95023914E-06  2.03265582E-09
  8300.06641  4.94790038E-06  2.03083506E-09
  8302.02539  4.94556343E-06  2.02902051E-09
  8303.98535  4.94322649E-06  2.02720329E-09
  8305.94531  4.94089181E-06  2.02539141E-09
  8307.90625  4.93855759E-06  2.02358175E-09
  8309.86816  4.93622292E-06  2.02176964E-09
  8311.8291  4.93389189E-06  2.01995753E-09
  8313.79102  4.93156131E-06  2.01814254E-09
  8315.75391  4.92923118E-06  2.01632533E-09
  8317.71777  4.92690106E-06  2.014513E-09
  8319.68066  4.92457411E-06  2.01270067E-09
  8321.64453  4.92224808E-06  2.01089279E-09
  8323.60938  4.91992205E-06  2.00908268E-09
  8325.57422  4.91759783E-06  2.00727857E-09
  8327.53906  4.91527499E-06  2.00547312E-09
  8329.50488  4.91295305E-06  2.00367234E-09
  8331.47168  4.91063156E-06  2.00186911E-09
  8333.4375  4.90831235E-06  2.00007255E-09
  8335.40527  4.90599314E-06  1.99827377E-09
  8337.37402  4.90367393E-06  1.99647965E-09
  8339.34082  4.90135881E-06  1.99468531E-09
  8341.31055  4.89904187E-06  1.99289474E-09
  8343.2793  4.89672766E-06  1.99110262E-09
  8345.24902  4.89441436E-06  1.98931605E-09
  8347.21875  4.89210197E-06  1.98752836E-09
  8349.18945  4.88979049E-06  1.98574535E-09
  8351.16016  4.88748128E-06  1.98396055E-09
  8353.13086  4.88517207E-06  1.98218131E-09
  8355.10352  4.88286332E-06  1.98040007E-09
  8357.07617  4.88055593E-06  1.97862415E-09
  8359.04883  4.87825037E-06  1.97684602E-09
  8361.02246  4.87594571E-06  1.97507366E-09
  8362.99609  4.87364196E-06  1.97329997E-09
  8364.96973  4.87134002E-06  1.97153138E-09
  8366.94434  4.86903855E-06  1.96976013E-09
  8368.91992  4.86673844E-06  1.96799488E-09
  8370.89551  4.86443878E-06  1.96622807E-09
  8372.87109  4.86214094E-06  1.96446637E-09
  8374.84863  4.85984265E-06  1.96270178E-09
  8376.8252  4.85754754E-06  1.96094385E-09
  8378.80273  4.85525243E-06  1.95918415E-09
  8380.78027  4.85295914E-06  1.95742933E-09
  8382.75879  4.85066676E-06  1.95567229E-09
  8384.73828  4.84837437E-06  1.9539208E-09
  8386.7168  4.84608427E-06  1.9521682E-09
  8388.69629  4.84379507E-06  1.95042027E-09
  8390.67773  4.84150587E-06  1.94866989E-09
  8392.6582  4.83921849E-06  1.94692551E-09
  8394.63867  4.83693293E-06  1.9451798E-09
  8396.62109  4.83464692E-06  1.94343852E-09
  8398.60352  4.83236317E-06  1.94169525E-09
  8400.58594  4.83007989E-06  1.93995864E-09
  8402.56836  4.82779888E-06  1.93821892E-09
  8404.55273  4.82551695E-06  1.93648453E-09
  8406.53613  4.82323821E-06  1.93474969E-09
  8408.52051  4.82095948E-06  1.93301886E-09
  8410.50586  4.81868119E-06  1.9312858E-09
  8412.49219  4.81640382E-06  1.92955829E-09
  8414.47754  4.81412917E-06  1.92782967E-09
  8416.46387  4.81185498E-06  1.92610594E-09
  8418.4502  4.8095817E-06  1.92438021E-09
  8420.4375  4.80730978E-06  1.92265959E-09
  8422.4248  4.80503923E-06  1.92093808E-09
  8424.41406  4.80276822E-06  1.91922078E-09
  8426.40234  4.80049948E-06  1.91750171E-09
  8428.3916  4.7982312E-06  1.91578797E-09
  8430.38184  4.79596383E-06  1.91407268E-09
  8432.37109  4.79369874E-06  1.91236293E-09
  8434.3623  4.79143364E-06  1.9106503E-09
  8436.35254  4.78917082E-06  1.90894367E-09
  8438.34473  4.78690708E-06  1.90723526E-09
  8440.33594  4.78464653E-06  1.90553218E-09
  8442.3291  4.78238553E-06  1.90382621E-09
  8444.32227  4.78012589E-06  1.90212601E-09
  8446.31543  4.77786762E-06  1.90042471E-09
  8448.30957  4.77561025E-06  1.89872784E-09
  8450.30371  4.77335425E-06  1.89703009E-09
  8452.29785  4.77110007E-06  1.895337E-09
  8454.29395  4.76884497E-06  1.89364102E-09
  8456.28906  4.76659307E-06  1.89195148E-09
  8458.28613  4.76433979E-06  1.8902595E-09
  8460.28223  4.7620897E-06  1.88857308E-09
  8462.28027  4.75983916E-06  1.88688487E-09
  8464.27734  4.75759089E-06  1.88520177E-09
  8466.27539  4.75534307E-06  1.88351623E-09
  8468.27441  4.75309616E-06  1.88183602E-09
  8470.27344  4.75085062E-06  1.88015492E-09
  8472.27246  4.74860644E-06  1.87847826E-09
  8474.27246  4.74636317E-06  1.8767996E-09
  8476.27344  4.74412036E-06  1.87512672E-09
  8478.27441  4.74187891E-06  1.87345139E-09
  8480.27637  4.73963792E-06  1.87178095E-09
  8482.27832  4.73739919E-06  1.87010962E-09
  8484.2793  4.73516229E-06  1.86844362E-09
  8486.2832  4.73292448E-06  1.86677429E-09
  8488.28613  4.73068849E-06  1.86511184E-09
  8490.29004  4.7284534E-06  1.86344606E-09
  8492.29395  4.72622014E-06  1.86178617E-09
  8494.29883  4.72398688E-06  1.86012461E-09
  8496.30469  4.72175452E-06  1.85846738E-09
  8498.31055  4.71952353E-06  1.85680837E-09
  8500.31543  4.71729481E-06  1.85515536E-09
  8502.32324  4.71506519E-06  1.85349991E-09
  8504.33008  4.71283784E-06  1.85184967E-09
  8506.33691  4.71061185E-06  1.85019844E-09
  8508.3457  4.70838586E-06  1.84855109E-09
  8510.35449  4.70616123E-06  1.84690185E-09
  8512.36328  4.70393798E-06  1.84525806E-09
  8514.37305  4.70171562E-06  1.84361282E-09
  8516.38184  4.69949555E-06  1.84197302E-09
  8518.39258  4.69727456E-06  1.84033078E-09
  8520.4043  4.69505494E-06  1.83868953E-09
  8522.41504  4.69283759E-06  1.83705429E-09
  8524.42773  4.69061933E-06  1.83541682E-09
  8526.43945  4.68840426E-06  1.83378468E-09
  8528.45215  4.68618919E-06  1.83215387E-09
  8530.46484  4.68397593E-06  1.83052207E-09
  8532.47949  4.68176177E-06  1.82889037E-09
  8534.49316  4.67955033E-06  1.82726456E-09
  8536.50781  4.6773398E-06  1.82564008E-09
  8538.52344  4.67512973E-06  1.82401427E-09
  8540.53906  4.67292102E-06  1.82238957E-09
  8542.55469  4.67071368E-06  1.82077087E-09
  8544.57227  4.66850634E-06  1.81914894E-09
  8546.58887  4.66630127E-06  1.81753279E-09
  8548.60547  4.66409756E-06  1.81591842E-09
  8550.62402  4.66189385E-06  1.81430215E-09
  8552.64258  4.65969106E-06  1.81269066E-09
  8554.66211  4.65748872E-06  1.8110774E-09
  8556.68164  4.65528865E-06  1.80946547E-09
  8558.70117  4.65308995E-06  1.80785886E-09
  8560.72168  4.65089124E-06  1.8062507E-09
  8562.74219  4.64869436E-06  1.80464721E-09
  8564.76367  4.64649793E-06  1.80304149E-09
  8566.78613  4.64430195E-06  1.80144077E-09
  8568.80859  4.6421078E-06  1.79983917E-09
  8570.83105  4.63991501E-06  1.79824189E-09
  8572.85449  4.63772267E-06  1.79664328E-09
  8574.87793  4.63553215E-06  1.79504922E-09
  8576.90234  4.63334163E-06  1.79345316E-09
  8578.92676  4.63115293E-06  1.79186233E-09
  8580.95215  4.62896514E-06  1.79027004E-09
  8582.97754  4.62677826E-06  1.78868231E-09
  8585.00391  4.62459229E-06  1.78709303E-09
  8587.03027  4.62240769E-06  1.7855083E-09
  8589.05762  4.62022444E-06  1.78392168E-09
  8591.08496  4.61804211E-06  1.78234039E-09
  8593.11328  4.61585978E-06  1.78075732E-09
  8595.1416  4.61367881E-06  1.77917892E-09
  8597.1709  4.61150012E-06  1.77759929E-09
  8599.2002  4.60932142E-06  1.77602388E-09
  8601.23047  4.60714318E-06  1.77444637E-09
  8603.26074  4.60496722E-06  1.7728744E-09
  8605.29102  4.60279261E-06  1.77130111E-09
  8607.32227  4.60061801E-06  1.76973214E-09
  8609.35449  4.59844478E-06  1.76816173E-09
  8611.3877  4.59627154E-06  1.76659543E-09
  8613.4209  4.59410012E-06  1.76502746E-09
  8615.4541  4.59192916E-06  1.7634646E-09
  8617.4873  4.58976137E-06  1.76190063E-09
  8619.52246  4.58759177E-06  1.76034054E-09
  8621.55664  4.58542536E-06  1.75877979E-09
  8623.5918  4.5832594E-06  1.75722292E-09
  8625.62793  4.58109389E-06  1.75566406E-09
  8627.66406  4.57892929E-06  1.75411063E-09
  8629.7002  4.57676651E-06  1.75255599E-09
  8631.7373  4.5746051E-06  1.75100534E-09
  8633.77441  4.5724446E-06  1.7494538E-09
  8635.81348  4.57028364E-06  1.74790582E-09
  8637.85156  4.56812541E-06  1.74635673E-09
  8639.89062  4.56596717E-06  1.74481218E-09
  8641.93066  4.56380985E-06  1.74326642E-09
  8643.9707  4.5616539E-06  1.74172499E-09
  8646.01172  4.55949885E-06  1.74018222E-09
  8648.05176  4.55734562E-06  1.73864423E-09
  8650.09375  4.55519194E-06  1.73710368E-09
  8652.13574  4.55304007E-06  1.73556847E-09
  8654.17871  4.55088866E-06  1.73403181E-09
  8656.22168  4.54873862E-06  1.73249959E-09
  8658.26465  4.54659084E-06  1.73096615E-09
  8660.30859  4.54444262E-06  1.72943682E-09
  8662.35254  4.54229621E-06  1.72790593E-09
  8664.39844  4.54014889E-06  1.72637926E-09
  8666.44336  4.53800521E-06  1.72485204E-09
  8668.48926  4.53586108E-06  1.7233287E-09
  8670.53516  4.53371877E-06  1.72180437E-09
  8672.58301  4.531576E-06  1.7202838E-09
  8674.62891  4.52943686E-06  1.71876213E-09
  8676.67773  4.52729591E-06  1.71724468E-09
  8678.72559  4.52515724E-06  1.71572645E-09
  8680.77441  4.52301992E-06  1.71421222E-09
  8682.82324  4.52088352E-06  1.71269687E-09
  8684.87402  4.51874666E-06  1.71118542E-09
  8686.92383  4.51661253E-06  1.7096724E-09
  8688.97461  4.51447886E-06  1.70816417E-09
  8691.02539  4.51234655E-06  1.70665493E-09
  8693.07715  4.51021515E-06  1.70514958E-09
  8695.12891  4.50808466E-06  1.70364323E-09
  8697.18164  4.50595508E-06  1.70214109E-09
  8699.23535  4.50382504E-06  1.70063652E-09
  8701.28809  4.5016991E-06  1.6991375E-09
  8703.34277  4.49957179E-06  1.69763692E-09
  8705.39746  4.49744539E-06  1.69614045E-09
  8707.45215  4.49532172E-06  1.69464287E-09
  8709.50781  4.49319759E-06  1.69314962E-09
  8711.56445  4.49107438E-06  1.69165415E-09
  8713.62012  4.48895298E-06  1.6901639E-09
  8715.67773  4.48683249E-06  1.68867209E-09
  8717.73438  4.48471383E-06  1.68718484E-09
  8719.79199  4.48259561E-06  1.68569636E-09
  8721.85156  4.48047695E-06  1.68421133E-09
  8723.91016  4.47836055E-06  1.68272507E-09
  8725.96973  4.47624461E-06  1.68124326E-09
  8728.0293  4.47413049E-06  1.67976066E-09
  8730.08984  4.47201683E-06  1.67828196E-09
  8732.15137  4.46990316E-06  1.6768017E-09
  8734.21191  4.46779313E-06  1.67532643E-09
  8736.27344  4.46568265E-06  1.67384884E-09
  8738.33691  4.46357126E-06  1.67237546E-09
  8740.39941  4.4614635E-06  1.67090164E-09
  8742.46191  4.45935666E-06  1.66943182E-09
  8744.52637  4.45724936E-06  1.66795977E-09
  8746.59082  4.45514297E-06  1.66649261E-09
  8748.65527  4.45303931E-06  1.66502456E-09
  8750.71973  4.45093656E-06  1.66356073E-09
  8752.78711  4.44883199E-06  1.6620948E-09
  8754.85254  4.44673105E-06  1.66063363E-09
  8756.91895  4.44463103E-06  1.6591708E-09
  8758.98633  4.44253101E-06  1.65771241E-09
  8761.05371  4.44043235E-06  1.6562528E-09
  8763.12305  4.43833369E-06  1.65479375E-09
  8765.19141  4.4362373E-06  1.65334035E-09
  8767.26074  4.43414137E-06  1.65188774E-09
  8769.33008  4.43204726E-06  1.65043335E-09
  8771.39941  4.42995452E-06  1.64898384E-09
  8773.4707  4.42786086E-06  1.64753278E-09
  8775.54102  4.42577038E-06  1.64608616E-09
  8777.61328  4.42367855E-06  1.64463709E-09
  8779.68457  4.42158944E-06  1.64319325E-09
  8781.75879  4.41949942E-06  1.64174752E-09
  8783.83105  4.41741213E-06  1.64030678E-09
  8785.90527  4.41532438E-06  1.63886404E-09
  8787.97852  4.41323982E-06  1.63742597E-09
  8790.05371  4.41115435E-06  1.63598568E-09
  8792.12891  4.40907024E-06  1.6345475E-09
  8794.2041  4.4069875E-06  1.63311331E-09
  8796.28027  4.40490567E-06  1.63167735E-09
  8798.35645  4.4028252E-06  1.63024705E-09
  8800.43359  4.40074473E-06  1.62881386E-09
  8802.51074  4.39866653E-06  1.62738545E-09
  8804.58789  4.39658925E-06  1.62595859E-09
  8806.66699  4.39451151E-06  1.6245304E-09
  8808.74609  4.39243559E-06  1.62310598E-09
  8810.8252  4.39036103E-06  1.62168023E-09
  8812.90527  4.38828692E-06  1.6202587E-09
  8814.98633  4.38621282E-06  1.61883584E-09
  8817.06738  4.38414099E-06  1.61741476E-09
  8819.14844  4.38207007E-06  1.61599767E-09
  8821.22949  4.38000052E-06  1.61458213E-09
  8823.3125  4.37793096E-06  1.61316427E-09
  8825.39551  4.37586277E-06  1.61174873E-09
  8827.47852  4.37379595E-06  1.61033731E-09
  8829.56348  4.37172866E-06  1.60892355E-09
  8831.64648  4.36966502E-06  1.60751579E-09
  8833.73145  4.36760047E-06  1.60610836E-09
  8835.81738  4.36553682E-06  1.60469882E-09
  8837.90332  4.36347409E-06  1.60329161E-09
  8839.98926  4.36141318E-06  1.60188851E-09
  8842.07617  4.35935272E-06  1.60048341E-09
  8844.16406  4.35729316E-06  1.59908264E-09
  8846.25195  4.35523407E-06  1.59768088E-09
  8848.33984  4.35317725E-06  1.59628344E-09
  8850.42871  4.35112088E-06  1.59488445E-09
  8852.51855  4.34906497E-06  1.59348923E-09
  8854.60742  4.34701087E-06  1.59209279E-09
  8856.69824  4.34495723E-06  1.59070046E-09
  8858.78809  4.34290541E-06  1.58930735E-09
  8860.87988  4.34085314E-06  1.58791769E-09
  8862.97168  4.33880314E-06  1.58652647E-09
  8865.06348  4.33675359E-06  1.58513991E-09
  8867.15723  4.33470359E-06  1.58375169E-09
  8869.24902  4.33265723E-06  1.58236813E-09
  8871.34375  4.33060995E-06  1.5809819E-09
  8873.4375  4.32856405E-06  1.57960078E-09
  8875.53223  4.3265195E-06  1.57821767E-09
  8877.62695  4.32447632E-06  1.57683933E-09
  8879.72363  4.32243223E-06  1.57545876E-09
  8881.81934  4.32039042E-06  1.57408298E-09
  8883.91602  4.31834951E-06  1.57270608E-09
  8886.0127  4.31631042E-06  1.57133317E-09
  8888.11133  4.31426997E-06  1.56995783E-09
  8890.20898  4.31223225E-06  1.56858759E-09
  8892.30859  4.31019453E-06  1.56721525E-09
  8894.40723  4.30815908E-06  1.56584756E-09
  8896.50684  4.30612363E-06  1.56447832E-09
  8898.60742  4.30408909E-06  1.56311297E-09
  8900.70703  4.30205682E-06  1.56174718E-09
  8902.80957  4.30002319E-06  1.56038449E-09
  8904.91016  4.29799275E-06  1.55902069E-09
  8907.0127  4.2959623E-06  1.55766089E-09
  8909.11523  4.29393276E-06  1.55629976E-09
  8911.21875  4.29190413E-06  1.55494251E-09
  8913.32227  4.28987687E-06  1.55358459E-09
  8915.42578  4.28785097E-06  1.5522299E-09
  8917.53125  4.28582416E-06  1.5508741E-09
  8919.63574  4.28380008E-06  1.54952273E-09
  8921.74121  4.28177646E-06  1.54816926E-09
  8923.84766  4.27975328E-06  1.54682023E-09
  8925.9541  4.27773148E-06  1.54546964E-09
  8928.06152  4.27571104E-06  1.54412327E-09
  8930.16895  4.27369105E-06  1.54277602E-09
  8932.27637  4.27167242E-06  1.54143254E-09
  8934.38574  4.26965471E-06  1.54008706E-09
  8936.49512  4.267637E-06  1.5387458E-09
  8938.60449  4.2656211E-06  1.5374032E-09
  8940.71484  4.26360566E-06  1.53606483E-09
  8942.8252  4.26159204E-06  1.53472468E-09
  8944.93555  4.25957933E-06  1.5333893E-09
  8947.04785  4.25756616E-06  1.53205248E-09
  8949.15918  4.25555618E-06  1.53071955E-09
  8951.27344  4.25354392E-06  1.52938406E-09
  8953.38574  4.25153485E-06  1.52805379E-09
  8955.5  4.24952577E-06  1.52672153E-09
  8957.61328  4.24751943E-06  1.52539381E-09
  8959.72852  4.24551217E-06  1.52406432E-09
  8961.84277  4.24350719E-06  1.52273927E-09
  8963.95898  4.24150221E-06  1.52141277E-09
  8966.0752  4.23949859E-06  1.52009028E-09
  8968.19141  4.23749589E-06  1.518766E-09
  8970.30859  4.23549363E-06  1.51744595E-09
  8972.42578  4.23349366E-06  1.51612434E-09
  8974.54395  4.23149322E-06  1.51480684E-09
  8976.66309  4.2294937E-06  1.51348833E-09
  8978.78125  4.2274969E-06  1.51217328E-09
  8980.90039  4.22550011E-06  1.51085744E-09
  8983.02148  4.22350286E-06  1.50954504E-09
  8985.1416  4.22150833E-06  1.5082311E-09
  8987.2627  4.21951381E-06  1.50692159E-09
  8989.38477  4.2175202E-06  1.50561008E-09
  8991.50684  4.2155275E-06  1.5043029E-09
  8993.62988  4.21353616E-06  1.50299484E-09
  8995.75195  4.21154618E-06  1.50169055E-09
  8997.87598  4.20955621E-06  1.50038426E-09
  9000.  4.20756805E-06  1.49908241E-09
