 C Density=3.515
 Energy(eV), Delta, Beta
  8000.  1.14278564E-05  1.90117611E-08
  8001.88818  1.14224476E-05  1.89933083E-08
  8003.77734  1.14170398E-05  1.89748359E-08
  8005.6665  1.14116356E-05  1.89564169E-08
  8007.55713  1.14062314E-05  1.89379818E-08
  8009.44727  1.14008326E-05  1.89196001E-08
  8011.33838  1.13954356E-05  1.89012006E-08
  8013.22949  1.13900414E-05  1.88828579E-08
  8015.12061  1.13846509E-05  1.88644993E-08
  8017.0127  1.13792612E-05  1.88461886E-08
  8018.90576  1.13738724E-05  1.88278602E-08
  8020.79883  1.13684873E-05  1.88095868E-08
  8022.69189  1.13631077E-05  1.8791301E-08
  8024.58594  1.1357728E-05  1.87730649E-08
  8026.47949  1.13523538E-05  1.87548075E-08
  8028.37451  1.13469796E-05  1.87366123E-08
  8030.26953  1.13416081E-05  1.87183886E-08
  8032.16553  1.13362394E-05  1.87002254E-08
  8034.06152  1.13308724E-05  1.86820444E-08
  8035.9585  1.13255082E-05  1.86639149E-08
  8037.85498  1.13201477E-05  1.86457729E-08
  8039.75293  1.13147871E-05  1.8627679E-08
  8041.65088  1.13094302E-05  1.8609569E-08
  8043.54932  1.13040778E-05  1.85914804E-08
  8045.44824  1.12987254E-05  1.85734415E-08
  8047.34717  1.12933794E-05  1.85554221E-08
  8049.24658  1.12880334E-05  1.85373779E-08
  8051.14746  1.12826892E-05  1.8519339E-08
  8053.04736  1.12773496E-05  1.85013675E-08
  8054.94873  1.12720109E-05  1.84833659E-08
  8056.85059  1.12666748E-05  1.84654247E-08
  8058.75195  1.12613434E-05  1.8447496E-08
  8060.65479  1.12560119E-05  1.84295494E-08
  8062.55713  1.1250685E-05  1.84116633E-08
  8064.46094  1.1245359E-05  1.83937505E-08
  8066.36426  1.12400367E-05  1.83758591E-08
  8068.26855  1.12347161E-05  1.8358028E-08
  8070.17334  1.12293983E-05  1.83401685E-08
  8072.07861  1.12240832E-05  1.83223623E-08
  8073.98438  1.1218769E-05  1.83045383E-08
  8075.88965  1.12134612E-05  1.82867801E-08
  8077.7959  1.12081534E-05  1.82690343E-08
  8079.70312  1.12028483E-05  1.82512636E-08
  8081.61084  1.11975442E-05  1.82335125E-08
  8083.51807  1.11922454E-05  1.82158146E-08
  8085.42627  1.11869485E-05  1.8198099E-08
  8087.33545  1.11816507E-05  1.81804385E-08
  8089.24463  1.11763584E-05  1.81627549E-08
  8091.1543  1.11710688E-05  1.81451352E-08
  8093.06445  1.1165781E-05  1.81274871E-08
  8094.97461  1.11604959E-05  1.8109894E-08
  8096.88574  1.11552135E-05  1.80922832E-08
  8098.79688  1.11499339E-05  1.80747328E-08
  8100.70898  1.11446552E-05  1.8057154E-08
  8102.62109  1.11393811E-05  1.80396409E-08
  8104.53418  1.11341078E-05  1.80220976E-08
  8106.44727  1.11288373E-05  1.80046058E-08
  8108.36035  1.11235713E-05  1.79871087E-08
  8110.27539  1.11183035E-05  1.79696507E-08
  8112.18945  1.11130421E-05  1.79521802E-08
  8114.10449  1.11077825E-05  1.79347666E-08
  8116.02002  1.11025229E-05  1.79173298E-08
  8117.93604  1.10972678E-05  1.78999429E-08
  8119.85205  1.10920173E-05  1.78825506E-08
  8121.76904  1.10867668E-05  1.78651973E-08
  8123.68604  1.1081519E-05  1.78478281E-08
  8125.60352  1.10762749E-05  1.78305228E-08
  8127.52246  1.10710298E-05  1.78131838E-08
  8129.44043  1.1065792E-05  1.77959123E-08
  8131.35986  1.10605515E-05  1.77786124E-08
  8133.27979  1.10553165E-05  1.77613604E-08
  8135.19971  1.10500841E-05  1.7744096E-08
  8137.12012  1.10448527E-05  1.77268902E-08
  8139.04102  1.1039625E-05  1.77096577E-08
  8140.96143  1.10344026E-05  1.7692491E-08
  8142.88428  1.10291776E-05  1.76752888E-08
  8144.80566  1.1023958E-05  1.76581452E-08
  8146.72852  1.10187402E-05  1.76409838E-08
  8148.65186  1.10135243E-05  1.76238775E-08
  8150.57568  1.1008311E-05  1.76067481E-08
  8152.5  1.10030996E-05  1.75896755E-08
  8154.4248  1.0997891E-05  1.75725816E-08
  8156.34912  1.09926868E-05  1.75555392E-08
  8158.27441  1.09874836E-05  1.75384791E-08
  8160.2002  1.09822831E-05  1.75214776E-08
  8162.12646  1.09770854E-05  1.75044512E-08
  8164.05371  1.09718894E-05  1.74874817E-08
  8165.98145  1.09666935E-05  1.74704837E-08
  8167.90869  1.09615048E-05  1.74535444E-08
  8169.83691  1.09563152E-05  1.7436582E-08
  8171.76514  1.09511311E-05  1.74196835E-08
  8173.69482  1.09459443E-05  1.74027548E-08
  8175.62402  1.09407647E-05  1.73858883E-08
  8177.5542  1.0935586E-05  1.73689951E-08
  8179.48438  1.0930411E-05  1.73521535E-08
  8181.41553  1.09252369E-05  1.73352799E-08
  8183.34668  1.09200673E-05  1.73184613E-08
  8185.27881  1.09148968E-05  1.73016197E-08
  8187.21094  1.09097309E-05  1.72848367E-08
  8189.14307  1.09045695E-05  1.72680323E-08
  8191.07617  1.08994082E-05  1.72512795E-08
  8193.01074  1.08942477E-05  1.72345036E-08
  8194.94434  1.08890918E-05  1.72177881E-08
  8196.87891  1.08839376E-05  1.72010459E-08
  8198.81445  1.08787854E-05  1.71843606E-08
  8200.74902  1.08736385E-05  1.71676557E-08
  8202.68555  1.08684908E-05  1.71510024E-08
  8204.62109  1.08633485E-05  1.71343295E-08
  8206.55859  1.08582044E-05  1.71177099E-08
  8208.49609  1.08530649E-05  1.7101069E-08
  8210.43359  1.0847928E-05  1.70844832E-08
  8212.37207  1.0842793E-05  1.70678742E-08
  8214.31055  1.08376616E-05  1.70513239E-08
  8216.24902  1.08325339E-05  1.70347487E-08
  8218.18945  1.08274035E-05  1.70182251E-08
  8220.12891  1.08222812E-05  1.70016854E-08
  8222.06934  1.08171589E-05  1.69852008E-08
  8224.01074  1.08120375E-05  1.69686878E-08
  8225.95215  1.08069216E-05  1.69522334E-08
  8227.89355  1.08018075E-05  1.69357595E-08
  8229.83691  1.07966925E-05  1.69193353E-08
  8231.7793  1.07915839E-05  1.69028933E-08
  8233.72266  1.07864753E-05  1.68865046E-08
  8235.66602  1.07813712E-05  1.68700929E-08
  8237.60938  1.07762698E-05  1.68537397E-08
  8239.55469  1.07711676E-05  1.683736E-08
  8241.5  1.0766068E-05  1.68210335E-08
  8243.44531  1.07609731E-05  1.68046874E-08
  8245.3916  1.07558799E-05  1.67883965E-08
  8247.33789  1.07507885E-05  1.67720842E-08
  8249.28516  1.0745699E-05  1.67558216E-08
  8251.23242  1.0740614E-05  1.67395431E-08
  8253.17969  1.07355318E-05  1.67233161E-08
  8255.12793  1.07304504E-05  1.67070677E-08
  8257.07715  1.07253709E-05  1.66908727E-08
  8259.02637  1.07202932E-05  1.66746528E-08
  8260.97559  1.07152209E-05  1.66584933E-08
  8262.92578  1.07101496E-05  1.66423089E-08
  8264.87598  1.0705081E-05  1.66261813E-08
  8266.82715  1.07000142E-05  1.66100289E-08
  8268.77832  1.0694951E-05  1.65939298E-08
  8270.73145  1.0689886E-05  1.65778058E-08
  8272.68457  1.06848238E-05  1.65616978E-08
  8274.63672  1.06797688E-05  1.6545652E-08
  8276.59082  1.06747129E-05  1.65295759E-08
  8278.54395  1.06696616E-05  1.65135603E-08
  8280.49707  1.06646148E-05  1.64975607E-08
  8282.45215  1.06595662E-05  1.64815361E-08
  8284.40723  1.06545222E-05  1.64655667E-08
  8286.36328  1.06494781E-05  1.64495724E-08
  8288.31934  1.06444368E-05  1.64336331E-08
  8290.27637  1.06393982E-05  1.6417669E-08
  8292.2334  1.06343623E-05  1.64017635E-08
  8294.19141  1.06293273E-05  1.63858314E-08
  8296.14941  1.06242969E-05  1.6369917E-08
  8298.10742  1.06192683E-05  1.63540577E-08
  8300.06641  1.06142425E-05  1.6338177E-08
  8302.02539  1.06092202E-05  1.63223497E-08
  8303.98535  1.0604198E-05  1.63064975E-08
  8305.94531  1.05991803E-05  1.62907021E-08
  8307.90625  1.05941635E-05  1.6274921E-08
  8309.86816  1.05891468E-05  1.62591149E-08
  8311.8291  1.05841364E-05  1.62433302E-08
  8313.79102  1.05791287E-05  1.6227574E-08
  8315.75391  1.05741219E-05  1.62117999E-08
  8317.71777  1.05691142E-05  1.61960774E-08
  8319.68066  1.05641138E-05  1.61803424E-08
  8321.64453  1.05591143E-05  1.61646483E-08
  8323.60938  1.05541167E-05  1.61489364E-08
  8325.57422  1.05491226E-05  1.6133276E-08
  8327.53906  1.05441304E-05  1.61175997E-08
  8329.50488  1.05391409E-05  1.61019749E-08
  8331.47168  1.05341524E-05  1.60863269E-08
  8333.4375  1.05291683E-05  1.60707305E-08
  8335.40527  1.05241843E-05  1.60551128E-08
  8337.37402  1.05192021E-05  1.60395466E-08
  8339.34082  1.05142262E-05  1.60239662E-08
  8341.31055  1.05092477E-05  1.6008423E-08
  8343.2793  1.05042755E-05  1.5992871E-08
  8345.24902  1.04993032E-05  1.59773688E-08
  8347.21875  1.04943347E-05  1.59618487E-08
  8349.18945  1.0489367E-05  1.59463696E-08
  8351.16016  1.04844048E-05  1.59308815E-08
  8353.13086  1.04794444E-05  1.59154432E-08
  8355.10352  1.04744831E-05  1.58999818E-08
  8357.07617  1.04695246E-05  1.5884563E-08
  8359.04883  1.04645706E-05  1.58691318E-08
  8361.02246  1.04596174E-05  1.58537468E-08
  8362.99609  1.0454668E-05  1.58383493E-08
  8364.96973  1.04497212E-05  1.58230016E-08
  8366.94434  1.04447754E-05  1.58076325E-08
  8368.91992  1.04398323E-05  1.57923097E-08
  8370.89551  1.0434891E-05  1.57769691E-08
  8372.87109  1.04299534E-05  1.57616853E-08
  8374.84863  1.04250148E-05  1.57463731E-08
  8376.8252  1.04200826E-05  1.57311124E-08
  8378.80273  1.04151513E-05  1.57158357E-08
  8380.78027  1.04102228E-05  1.57006106E-08
  8382.75879  1.04052961E-05  1.56853623E-08
  8384.73828  1.04003702E-05  1.56701567E-08
  8386.7168  1.03954508E-05  1.5654944E-08
  8388.69629  1.03905304E-05  1.56397792E-08
  8390.67773  1.03856119E-05  1.56245896E-08
  8392.6582  1.03806969E-05  1.5609448E-08
  8394.63867  1.03757857E-05  1.55942939E-08
  8396.62109  1.03708735E-05  1.55791788E-08
  8398.60352  1.0365965E-05  1.55640532E-08
  8400.58594  1.03610591E-05  1.55489772E-08
  8402.56836  1.0356157E-05  1.55338835E-08
  8404.55273  1.03512539E-05  1.55188271E-08
  8406.53613  1.03463572E-05  1.55037636E-08
  8408.52051  1.03414613E-05  1.54887481E-08
  8410.50586  1.03365655E-05  1.54737112E-08
  8412.49219  1.03316715E-05  1.54587152E-08
  8414.47754  1.03267839E-05  1.54437121E-08
  8416.46387  1.03218963E-05  1.54287569E-08
  8418.4502  1.03170123E-05  1.54137805E-08
  8420.4375  1.03121301E-05  1.53988466E-08
  8422.4248  1.03072516E-05  1.53839039E-08
  8424.41406  1.03023713E-05  1.53690038E-08
  8426.40234  1.02974955E-05  1.53540878E-08
  8428.3916  1.02926224E-05  1.53392143E-08
  8430.38184  1.02877502E-05  1.53243249E-08
  8432.37109  1.02828826E-05  1.53094835E-08
  8434.3623  1.0278015E-05  1.52946225E-08
  8436.35254  1.02731528E-05  1.52798183E-08
  8438.34473  1.02682889E-05  1.52649875E-08
  8440.33594  1.02634312E-05  1.52502047E-08
  8442.3291  1.02585727E-05  1.52354023E-08
  8444.32227  1.02537169E-05  1.52206532E-08
  8446.31543  1.02488648E-05  1.52058774E-08
  8448.30957  1.02440144E-05  1.51911443E-08
  8450.30371  1.02391668E-05  1.5176397E-08
  8452.29785  1.02343229E-05  1.51616941E-08
  8454.29395  1.02294771E-05  1.51469663E-08
  8456.28906  1.02246377E-05  1.51322954E-08
  8458.28613  1.02197964E-05  1.51175961E-08
  8460.28223  1.02149606E-05  1.51029518E-08
  8462.28027  1.02101249E-05  1.50882897E-08
  8464.27734  1.02052945E-05  1.50736756E-08
  8466.27539  1.02004642E-05  1.50590367E-08
  8468.27441  1.01956366E-05  1.50444475E-08
  8470.27344  1.01908117E-05  1.50298405E-08
  8472.27246  1.01859887E-05  1.50152832E-08
  8474.27246  1.01811693E-05  1.50007118E-08
  8476.27344  1.0176349E-05  1.49861794E-08
  8478.27441  1.01715332E-05  1.4971631E-08
  8480.27637  1.01667183E-05  1.49571271E-08
  8482.27832  1.01619071E-05  1.49426125E-08
  8484.2793  1.01571004E-05  1.49281387E-08
  8486.2832  1.01522919E-05  1.4913649E-08
  8488.28613  1.0147488E-05  1.48992072E-08
  8490.29004  1.01426849E-05  1.4884745E-08
  8492.29395  1.01378864E-05  1.48703299E-08
  8494.29883  1.01330879E-05  1.48559023E-08
  8496.30469  1.01282903E-05  1.48415147E-08
  8498.31055  1.01234964E-05  1.48271067E-08
  8500.31543  1.01187088E-05  1.48127546E-08
  8502.32324  1.01139167E-05  1.47983723E-08
  8504.33008  1.01091309E-05  1.47840424E-08
  8506.33691  1.01043488E-05  1.47697046E-08
  8508.3457  1.00995649E-05  1.47554022E-08
  8510.35449  1.00947846E-05  1.47410812E-08
  8512.36328  1.00900088E-05  1.472681E-08
  8514.37305  1.00852321E-05  1.47125183E-08
  8516.38184  1.00804627E-05  1.46982782E-08
  8518.39258  1.00756897E-05  1.46840184E-08
  8520.4043  1.00709203E-05  1.46697676E-08
  8522.41504  1.00661564E-05  1.46555683E-08
  8524.42773  1.00613888E-05  1.46413521E-08
  8526.43945  1.00566294E-05  1.46271812E-08
  8528.45215  1.005187E-05  1.46130157E-08
  8530.46484  1.00471143E-05  1.45988466E-08
  8532.47949  1.00423576E-05  1.45846792E-08
  8534.49316  1.00376064E-05  1.45705634E-08
  8536.50781  1.00328552E-05  1.45564609E-08
  8538.52344  1.00281068E-05  1.45423433E-08
  8540.53906  1.0023361E-05  1.45282364E-08
  8542.55469  1.0018618E-05  1.45141765E-08
  8544.57227  1.0013875E-05  1.45000945E-08
  8546.58887  1.00091374E-05  1.4486063E-08
  8548.60547  1.00044017E-05  1.44720476E-08
  8550.62402  9.99966687E-06  1.44580143E-08
  8552.64258  9.99493477E-06  1.44440229E-08
  8554.66211  9.99020176E-06  1.4430011E-08
  8556.68164  9.98547421E-06  1.44160142E-08
  8558.70117  9.98075029E-06  1.4402068E-08
  8560.72168  9.97602547E-06  1.43881049E-08
  8562.74219  9.9713061E-06  1.43741863E-08
  8564.76367  9.96658673E-06  1.43602428E-08
  8566.78613  9.96186736E-06  1.43463472E-08
  8568.80859  9.95715345E-06  1.4332441E-08
  8570.83105  9.95244227E-06  1.43185686E-08
  8572.85449  9.94773109E-06  1.43046899E-08
  8574.87793  9.94302354E-06  1.42908521E-08
  8576.90234  9.93831691E-06  1.42769938E-08
  8578.92676  9.93361482E-06  1.42631826E-08
  8580.95215  9.92891364E-06  1.4249359E-08
  8582.97754  9.92421519E-06  1.42355692E-08
  8585.00391  9.91951856E-06  1.42217615E-08
  8587.03027  9.91482557E-06  1.42079912E-08
  8589.05762  9.91013349E-06  1.41942094E-08
  8591.08496  9.90544504E-06  1.41804684E-08
  8593.11328  9.9007575E-06  1.4166714E-08
  8595.1416  9.89607179E-06  1.41529988E-08
  8597.1709  9.89138971E-06  1.41392702E-08
  8599.2002  9.88670945E-06  1.41255843E-08
  8601.23047  9.8820301E-06  1.41118832E-08
  8603.26074  9.87735439E-06  1.4098223E-08
  8605.29102  9.87268231E-06  1.4084554E-08
  8607.32227  9.86801115E-06  1.40709204E-08
  8609.35449  9.86334089E-06  1.40572745E-08
  8611.3877  9.85867246E-06  1.40436667E-08
  8613.4209  9.85400584E-06  1.40300473E-08
  8615.4541  9.84934377E-06  1.40164689E-08
  8617.4873  9.84468443E-06  1.40028806E-08
  8619.52246  9.84002418E-06  1.39893244E-08
  8621.55664  9.83537029E-06  1.39757628E-08
  8623.5918  9.8307155E-06  1.39622385E-08
  8625.62793  9.82606252E-06  1.39487009E-08
  8627.66406  9.82141319E-06  1.39352023E-08
  8629.7002  9.81676749E-06  1.39216949E-08
  8631.7373  9.81212179E-06  1.39082301E-08
  8633.77441  9.80748064E-06  1.38947422E-08
  8635.81348  9.80283858E-06  1.38813023E-08
  8637.85156  9.79820106E-06  1.38678411E-08
  8639.89062  9.79356446E-06  1.38544296E-08
  8641.93066  9.78892876E-06  1.38409932E-08
  8643.9707  9.78429671E-06  1.38276075E-08
  8646.01172  9.77966647E-06  1.38141969E-08
  8648.05176  9.77504078E-06  1.38008414E-08
  8650.09375  9.77041509E-06  1.37874645E-08
  8652.13574  9.76579122E-06  1.37741258E-08
  8654.17871  9.76116917E-06  1.37607747E-08
  8656.22168  9.75654984E-06  1.37474645E-08
  8658.26465  9.75193507E-06  1.37341436E-08
  8660.30859  9.74731938E-06  1.37208573E-08
  8662.35254  9.74270915E-06  1.37075622E-08
  8664.39844  9.7380962E-06  1.36942999E-08
  8666.44336  9.73348961E-06  1.36810332E-08
  8668.48926  9.72888392E-06  1.36677993E-08
  8670.53516  9.72428006E-06  1.36545575E-08
  8672.58301  9.71967711E-06  1.36413485E-08
  8674.62891  9.71508052E-06  1.36281342E-08
  8676.67773  9.71048121E-06  1.36149536E-08
  8678.72559  9.70588735E-06  1.36017642E-08
  8680.77441  9.70129531E-06  1.35886111E-08
  8682.82324  9.69670509E-06  1.35754457E-08
  8684.87402  9.69211396E-06  1.35623157E-08
  8686.92383  9.6875292E-06  1.35491778E-08
  8688.97461  9.68294535E-06  1.3536078E-08
  8691.02539  9.67836422E-06  1.35229676E-08
  8693.07715  9.67378401E-06  1.3509891E-08
  8695.12891  9.66920743E-06  1.34968063E-08
  8697.18164  9.66463267E-06  1.34837581E-08
  8699.23535  9.660057E-06  1.3470693E-08
  8701.28809  9.65548861E-06  1.34576732E-08
  8703.34277  9.6509184E-06  1.34446383E-08
  8705.39746  9.64635092E-06  1.34316398E-08
  8707.45215  9.64178616E-06  1.34186324E-08
  8709.50781  9.63722414E-06  1.34056606E-08
  8711.56445  9.63266393E-06  1.33926763E-08
  8713.62012  9.62810645E-06  1.33797338E-08
  8715.67773  9.62354898E-06  1.33667744E-08
  8717.73438  9.61899696E-06  1.33538638E-08
  8719.79199  9.61444766E-06  1.33409284E-08
  8721.85156  9.60989382E-06  1.33280302E-08
  8723.91016  9.60534908E-06  1.3315109E-08
  8725.96973  9.60080342E-06  1.33022269E-08
  8728.0293  9.5962605E-06  1.32893305E-08
  8730.08984  9.59171939E-06  1.32764741E-08
  8732.15137  9.58717919E-06  1.32635991E-08
  8734.21191  9.58264445E-06  1.32507738E-08
  8736.27344  9.57811153E-06  1.32379299E-08
  8738.33691  9.57357588E-06  1.32251197E-08
  8740.39941  9.56904751E-06  1.32123015E-08
  8742.46191  9.56452095E-06  1.3199525E-08
  8744.52637  9.55999349E-06  1.31867273E-08
  8746.59082  9.55546875E-06  1.31739721E-08
  8748.65527  9.55094856E-06  1.31612046E-08
  8750.71973  9.5464311E-06  1.31484788E-08
  8752.78711  9.54191E-06  1.31357289E-08
  8754.85254  9.53739709E-06  1.31230298E-08
  8756.91895  9.53288509E-06  1.31103119E-08
  8758.98633  9.52837308E-06  1.30976341E-08
  8761.05371  9.52386472E-06  1.30849411E-08
  8763.12305  9.51935544E-06  1.30722615E-08
  8765.19141  9.51485163E-06  1.30596183E-08
  8767.26074  9.51034963E-06  1.3046991E-08
  8769.33008  9.50585036E-06  1.30343505E-08
  8771.39941  9.50135382E-06  1.30217517E-08
  8773.4707  9.49685727E-06  1.30091307E-08
  8775.54102  9.49236437E-06  1.29965558E-08
  8777.61328  9.48787147E-06  1.29839615E-08
  8779.68457  9.48338311E-06  1.29714115E-08
  8781.75879  9.47889203E-06  1.29588384E-08
  8783.83105  9.47440913E-06  1.29463151E-08
  8785.90527  9.46992441E-06  1.29337714E-08
  8787.97852  9.46544515E-06  1.29212712E-08
  8790.05371  9.46096498E-06  1.29087514E-08
  8792.12891  9.45648753E-06  1.28962521E-08
  8794.2041  9.45201373E-06  1.28837812E-08
  8796.28027  9.44754083E-06  1.28713076E-08
  8798.35645  9.44307067E-06  1.28588695E-08
  8800.43359  9.43860232E-06  1.28464128E-08
  8802.51074  9.43413761E-06  1.28339996E-08
  8804.58789  9.42967381E-06  1.28215936E-08
  8806.66699  9.42521092E-06  1.28091786E-08
  8808.74609  9.42075076E-06  1.27967947E-08
  8810.8252  9.41629423E-06  1.27844082E-08
  8812.90527  9.41183771E-06  1.27720492E-08
  8814.98633  9.407383E-06  1.27596831E-08
  8817.06738  9.40293103E-06  1.27473259E-08
  8819.14844  9.39848269E-06  1.27350113E-08
  8821.22949  9.39403708E-06  1.27227047E-08
  8823.3125  9.38959056E-06  1.27103892E-08
  8825.39551  9.38514768E-06  1.26980808E-08
  8827.47852  9.38070752E-06  1.26858151E-08
  8829.56348  9.37626646E-06  1.2673528E-08
  8831.64648  9.37183268E-06  1.26612889E-08
  8833.73145  9.36739798E-06  1.26490605E-08
  8835.81738  9.36296419E-06  1.26368107E-08
  8837.90332  9.35853313E-06  1.26245761E-08
  8839.98926  9.35410571E-06  1.2612384E-08
  8842.07617  9.34967829E-06  1.26001733E-08
  8844.16406  9.3452536E-06  1.25880018E-08
  8846.25195  9.34083073E-06  1.25758159E-08
  8848.33984  9.3364124E-06  1.25636719E-08
  8850.42871  9.33199499E-06  1.25515092E-08
  8852.51855  9.32757666E-06  1.25393882E-08
  8854.60742  9.32316561E-06  1.25272512E-08
  8856.69824  9.31875275E-06  1.25151534E-08
  8858.78809  9.31434533E-06  1.2503043E-08
  8860.87988  9.3099361E-06  1.24909691E-08
  8862.97168  9.30553142E-06  1.24788739E-08
  8865.06348  9.30112947E-06  1.24668142E-08
  8867.15723  9.29672751E-06  1.24547359E-08
  8869.24902  9.29233101E-06  1.24427029E-08
  8871.34375  9.2879327E-06  1.24306485E-08
  8873.4375  9.28353893E-06  1.24186368E-08
  8875.53223  9.27914607E-06  1.24066082E-08
  8877.62695  9.27475776E-06  1.23946213E-08
  8879.72363  9.27036763E-06  1.23826149E-08
  8881.81934  9.26598204E-06  1.23706512E-08
  8883.91602  9.26159737E-06  1.23586705E-08
  8886.0127  9.25721724E-06  1.23467325E-08
  8888.11133  9.2528353E-06  1.23347732E-08
  8890.20898  9.2484579E-06  1.23228565E-08
  8892.30859  9.2440805E-06  1.23109212E-08
  8894.40723  9.23970765E-06  1.22990294E-08
  8896.50684  9.23533662E-06  1.22871207E-08
  8898.60742  9.23096559E-06  1.22752448E-08
  8900.70703  9.22660001E-06  1.22633672E-08
  8902.80957  9.22223262E-06  1.22515127E-08
  8904.91016  9.21787068E-06  1.223966E-08
  8907.0127  9.21350966E-06  1.22278321E-08
  8909.11523  9.20915045E-06  1.22159989E-08
  8911.21875  9.20479215E-06  1.22041932E-08
  8913.32227  9.20043749E-06  1.21923804E-08
  8915.42578  9.19608556E-06  1.21806059E-08
  8917.53125  9.19173272E-06  1.21688135E-08
  8919.63574  9.18738533E-06  1.21570629E-08
  8921.74121  9.18303795E-06  1.21452954E-08
  8923.84766  9.17869238E-06  1.21335662E-08
  8925.9541  9.17435045E-06  1.21218227E-08
  8928.06152  9.17000943E-06  1.21101182E-08
  8930.16895  9.16567114E-06  1.20983987E-08
  8932.27637  9.16133558E-06  1.20867174E-08
  8934.38574  9.15699911E-06  1.20750192E-08
  8936.49512  9.15266628E-06  1.20633592E-08
  8938.60449  9.14833618E-06  1.2051685E-08
  8940.71484  9.14400789E-06  1.20400507E-08
  8942.8252  9.13968142E-06  1.20283996E-08
  8944.93555  9.1353586E-06  1.20167902E-08
  8947.04785  9.13103486E-06  1.20051613E-08
  8949.15918  9.12671658E-06  1.19935688E-08
  8951.27344  9.12239466E-06  1.19819648E-08
  8953.38574  9.11808002E-06  1.19703953E-08
  8955.5  9.11376446E-06  1.19588188E-08
  8957.61328  9.10945437E-06  1.19472725E-08
  8959.72852  9.10514245E-06  1.1935712E-08
  8961.84277  9.10083691E-06  1.19241959E-08
  8963.95898  9.09652954E-06  1.19126584E-08
  8966.0752  9.09222581E-06  1.19011609E-08
  8968.19141  9.0879239E-06  1.18896502E-08
  8970.30859  9.08362472E-06  1.18781758E-08
  8972.42578  9.07932736E-06  1.18666872E-08
  8974.54395  9.0750309E-06  1.18552368E-08
  8976.66309  9.07073627E-06  1.18437686E-08
  8978.78125  9.06644618E-06  1.18323431E-08
  8980.90039  9.06215701E-06  1.18209007E-08
  8983.02148  9.05786874E-06  1.18094938E-08
  8985.1416  9.0535832E-06  1.17980736E-08
  8987.2627  9.04929948E-06  1.1786689E-08
  8989.38477  9.04501667E-06  1.17752919E-08
  8991.50684  9.0407375E-06  1.17639303E-08
  8993.62988  9.03645923E-06  1.17525554E-08
  8995.75195  9.03218552E-06  1.17412142E-08
  8997.87598  9.0279118E-06  1.1729866E-08
  9000.  9.0236399E-06  1.17185461E-08
